
# Parameters 

dimension,2
resolution,5
labels,44

# Regions 

A,0,1
B,1,13
C,13,33
D,33,47
E,47,74
F,74,92
G,92,106
H,106,130
I,130,152
J,152,171
K,171,216
L,216,256
M,256,320
N,320,384
O,384,448
P,448,501
Q,501,525
R,525,543
S,543,568
T,568,584
U,584,633
V,633,648
W,648,671
X,671,696
Y,696,714
Z,714,720
[,720,741
\,741,753
],753,778
^,778,783
_,783,799
`,799,813
a,813,831
b,831,853
c,853,877
d,877,900
e,900,913
f,913,933
g,933,955
h,955,968
i,968,978
j,978,991
k,991,997
l,997,1023

# Distance 

0.0,0.0,1.224744871391589,1.3228756555322954,1.5811388300841898,1.6583123951777,1.8027756377319946,1.8708286933869707,2.29128784747792,1.6583123951777,1.5,1.8708286933869707,2.345207879911715,2.692582403567252,2.5,2.6457513110645907,2.7838821814150108,2.958039891549808,2.8722813232690143,3.2015621187164243,3.2015621187164243,3.5,3.570714214271425,3.3541019662496847,3.3541019662496847,3.1622776601683795,3.122498999199199,3.0413812651491097,3.0413812651491097,3.122498999199199,2.7838821814150108,2.8284271247461903,2.6457513110645907,2.3979157616563596,2.449489742783178,2.345207879911715,2.0,1.9364916731037085,2.345207879911715,2.5,2.5495097567963922,2.6457513110645907,2.7838821814150108
0.0,0.7071067811865476,1.0,1.4142135623730951,1.5,1.5,1.5811388300841898,2.0615528128088303,1.3228756555322954,1.118033988749895,1.7320508075688772,2.23606797749979,2.5,2.29128784747792,2.449489742783178,2.598076211353316,2.7838821814150108,2.692582403567252,3.0413812651491097,3.0413812651491097,3.3541019662496847,3.427827300200522,3.2015621187164243,3.2015621187164243,3.0,2.958039891549808,2.8722813232690143,2.8722813232690143,2.958039891549808,2.598076211353316,2.6457513110645907,2.449489742783178,2.179449471770337,2.23606797749979,2.1213203435596424,1.8027756377319946,1.8027756377319946,2.23606797749979,2.29128784747792,2.345207879911715,2.449489742783178,2.6457513110645907
0.0,0.5,1.118033988749895,1.224744871391589,1.118033988749895,1.224744871391589,1.8027756377319946,1.0,0.8660254037844386,1.6583123951777,2.179449471770337,2.29128784747792,2.0615528128088303,2.23606797749979,2.3979157616563596,2.598076211353316,2.5,2.8722813232690143,2.8722813232690143,3.2015621187164243,3.278719262151,3.0413812651491097,3.0413812651491097,2.8284271247461903,2.7838821814150108,2.692582403567252,2.692582403567252,2.7838821814150108,2.3979157616563596,2.449489742783178,2.23606797749979,1.9364916731037085,2.0,1.8708286933869707,1.5811388300841898,1.5811388300841898,2.1213203435596424,2.1213203435596424,2.1213203435596424,2.29128784747792,2.449489742783178
0.0,1.0,1.0,0.5,0.7071067811865476,1.5,0.7071067811865476,0.5,1.5,2.0615528128088303,2.0615528128088303,1.8027756377319946,2.0,2.179449471770337,2.3979157616563596,2.29128784747792,2.692582403567252,2.692582403567252,3.0413812651491097,3.122498999199199,2.8722813232690143,2.8722813232690143,2.6457513110645907,2.598076211353316,2.5,2.5,2.598076211353316,2.179449471770337,2.23606797749979,2.0,1.6583123951777,1.7320508075688772,1.6583123951777,1.5,1.5,2.0615528128088303,2.0,2.0,2.179449471770337,2.23606797749979
0.0,0.0,0.8660254037844386,1.0,1.4142135623730951,1.0,1.0,1.8027756377319946,2.179449471770337,2.179449471770337,1.7320508075688772,1.9364916731037085,2.1213203435596424,2.345207879911715,2.23606797749979,2.6457513110645907,2.6457513110645907,3.0,3.082207001484488,2.8284271247461903,2.8284271247461903,2.598076211353316,2.5495097567963922,2.449489742783178,2.449489742783178,2.5495097567963922,2.1213203435596424,2.179449471770337,1.9364916731037085,1.5811388300841898,1.6583123951777,1.5,1.0,1.0,1.6583123951777,1.7320508075688772,1.8027756377319946,1.9364916731037085,2.179449471770337
0.0,0.8660254037844386,1.0,1.224744871391589,1.5,1.5,2.1213203435596424,2.345207879911715,2.179449471770337,1.7320508075688772,1.8027756377319946,1.9364916731037085,2.179449471770337,2.0615528128088303,2.5,2.5,2.8722813232690143,2.958039891549808,2.692582403567252,2.692582403567252,2.449489742783178,2.3979157616563596,2.29128784747792,2.29128784747792,2.3979157616563596,1.9364916731037085,2.0,1.7320508075688772,1.3228756555322954,1.4142135623730951,1.224744871391589,0.5,0.5,1.4142135623730951,1.5,1.5811388300841898,1.7320508075688772,2.0
0.0,0.0,0.7071067811865476,1.3228756555322954,1.5,2.1213203435596424,2.345207879911715,1.9364916731037085,1.5811388300841898,1.4142135623730951,1.5811388300841898,1.8708286933869707,1.7320508075688772,2.23606797749979,2.23606797749979,2.6457513110645907,2.7386127875258306,2.449489742783178,2.449489742783178,2.179449471770337,2.1213203435596424,2.0,2.0,2.1213203435596424,1.5811388300841898,1.6583123951777,1.3228756555322954,0.7071067811865476,0.8660254037844386,0.8660254037844386,0.5,0.5,1.5,1.5,1.4142135623730951,1.7320508075688772,1.7320508075688772
0.0,0.7071067811865476,0.5,0.7071067811865476,1.5811388300841898,1.8708286933869707,1.8708286933869707,1.4142135623730951,1.4142135623730951,1.5811388300841898,1.8708286933869707,1.7320508075688772,2.23606797749979,2.23606797749979,2.6457513110645907,2.7386127875258306,2.449489742783178,2.449489742783178,2.179449471770337,2.1213203435596424,2.0,2.0,2.1213203435596424,1.5811388300841898,1.6583123951777,1.3228756555322954,0.7071067811865476,0.8660254037844386,0.8660254037844386,0.5,0.8660254037844386,1.6583123951777,1.5811388300841898,1.4142135623730951,1.7320508075688772,1.7320508075688772
0.0,0.0,0.7071067811865476,1.4142135623730951,1.8027756377319946,1.7320508075688772,1.118033988749895,1.224744871391589,1.4142135623730951,1.7320508075688772,1.5811388300841898,2.1213203435596424,2.1213203435596424,2.5495097567963922,2.6457513110645907,2.345207879911715,2.345207879911715,2.0615528128088303,2.0,1.8708286933869707,1.8708286933869707,2.0,1.5,1.5,1.118033988749895,0.7071067811865476,0.8660254037844386,1.0,0.8660254037844386,1.118033988749895,1.8027756377319946,1.7320508075688772,1.5811388300841898,1.8027756377319946,1.8027756377319946
0.0,1.3228756555322954,1.5,1.8027756377319946,1.3228756555322954,0.5,0.5,0.8660254037844386,1.3228756555322954,1.118033988749895,1.8027756377319946,1.8027756377319946,2.29128784747792,2.3979157616563596,2.0615528128088303,2.0615528128088303,1.7320508075688772,1.6583123951777,1.7320508075688772,1.7320508075688772,1.9364916731037085,1.4142135623730951,1.4142135623730951,0.5,0.5,0.7071067811865476,1.118033988749895,1.0,1.224744871391589,1.8708286933869707,1.8027756377319946,1.6583123951777,1.8708286933869707,1.8708286933869707
0.0,1.118033988749895,1.5811388300841898,1.3228756555322954,0.0,0.5,0.8660254037844386,1.3228756555322954,1.118033988749895,1.8027756377319946,1.8027756377319946,2.29128784747792,2.3979157616563596,2.0615528128088303,2.0615528128088303,1.7320508075688772,1.6583123951777,1.8708286933869707,1.9364916731037085,2.1213203435596424,1.8027756377319946,1.5,0.5,0.5,1.4142135623730951,1.6583123951777,1.5811388300841898,1.7320508075688772,2.23606797749979,2.179449471770337,2.0615528128088303,2.23606797749979,2.23606797749979
0.0,1.3228756555322954,1.8708286933869707,1.6583123951777,1.8027756377319946,2.0615528128088303,2.23606797749979,2.1213203435596424,2.5495097567963922,2.5495097567963922,2.9154759474226504,3.0,2.7386127875258306,2.7386127875258306,2.5,2.449489742783178,2.3979157616563596,2.3979157616563596,2.5495097567963922,2.1213203435596424,2.179449471770337,1.8708286933869707,1.6583123951777,1.7320508075688772,1.8027756377319946,1.7320508075688772,1.8708286933869707,2.345207879911715,2.29128784747792,2.179449471770337,2.345207879911715,2.345207879911715
0.0,0.8660254037844386,1.224744871391589,1.3228756555322954,1.8027756377319946,1.7320508075688772,1.6583123951777,1.9364916731037085,1.9364916731037085,2.3979157616563596,2.5,2.3979157616563596,2.345207879911715,2.179449471770337,2.179449471770337,2.3979157616563596,2.5495097567963922,2.692582403567252,2.449489742783178,2.179449471770337,1.6583123951777,1.6583123951777,2.179449471770337,2.345207879911715,2.29128784747792,2.3979157616563596,2.7838821814150108,2.7386127875258306,2.6457513110645907,2.7838821814150108,2.7838821814150108
0.0,0.8660254037844386,1.3228756555322954,1.9364916731037085,1.5811388300841898,1.3228756555322954,1.4142135623730951,1.6583123951777,2.0,2.179449471770337,2.179449471770337,2.1213203435596424,2.0615528128088303,2.179449471770337,2.449489742783178,2.7386127875258306,2.8722813232690143,2.6457513110645907,2.3979157616563596,1.9364916731037085,1.9364916731037085,2.3979157616563596,2.5495097567963922,2.5,2.598076211353316,2.958039891549808,2.9154759474226504,2.8284271247461903,2.958039891549808,2.958039891549808
0.0,1.0,1.3228756555322954,0.7071067811865476,0.0,0.0,1.0,1.4142135623730951,1.6583123951777,1.7320508075688772,1.6583123951777,1.5,1.6583123951777,2.0,2.345207879911715,2.5,2.23606797749979,1.9364916731037085,1.3228756555322954,1.3228756555322954,1.9364916731037085,2.1213203435596424,2.0615528128088303,2.179449471770337,2.598076211353316,2.5495097567963922,2.449489742783178,2.598076211353316,2.598076211353316
0.0,1.118033988749895,0.5,0.0,1.0,1.0,1.7320508075688772,1.8708286933869707,1.7320508075688772,1.6583123951777,1.5,1.5811388300841898,1.9364916731037085,2.1213203435596424,2.29128784747792,2.0,1.6583123951777,0.8660254037844386,0.8660254037844386,1.6583123951777,1.8708286933869707,1.8027756377319946,1.9364916731037085,2.3979157616563596,2.345207879911715,2.23606797749979,2.3979157616563596,2.3979157616563596
0.0,0.0,0.5,1.224744871391589,1.118033988749895,1.8027756377319946,1.9364916731037085,1.5,1.5,1.0,1.0,1.4142135623730951,1.7320508075688772,1.9364916731037085,1.5811388300841898,1.118033988749895,0.0,0.0,1.3228756555322954,1.5,1.5,1.7320508075688772,2.0615528128088303,2.0,1.8708286933869707,2.0615528128088303,2.0615528128088303
0.0,0.7071067811865476,1.118033988749895,1.0,1.6583123951777,1.8027756377319946,1.3228756555322954,1.3228756555322954,0.8660254037844386,0.8660254037844386,1.3228756555322954,1.5811388300841898,1.8027756377319946,1.4142135623730951,0.8660254037844386,0.0,0.5,1.224744871391589,1.4142135623730951,1.4142135623730951,1.8027756377319946,1.9364916731037085,1.8708286933869707,1.7320508075688772,1.9364916731037085,1.9364916731037085
0.0,0.5,0.0,1.3228756555322954,1.5,1.3228756555322954,1.224744871391589,0.8660254037844386,0.8660254037844386,1.3228756555322954,1.8027756377319946,2.0,1.6583123951777,1.224744871391589,1.0,1.118033988749895,1.5,1.6583123951777,1.7320508075688772,2.0,2.1213203435596424,2.0615528128088303,1.9364916731037085,2.1213203435596424,2.1213203435596424
0.0,0.5,1.224744871391589,1.5,1.5,1.4142135623730951,1.224744871391589,1.224744871391589,1.6583123951777,2.0615528128088303,2.23606797749979,1.9364916731037085,1.5811388300841898,1.0,1.0,1.5811388300841898,1.8027756377319946,1.7320508075688772,2.0,2.345207879911715,2.29128784747792,2.179449471770337,2.345207879911715,2.345207879911715
0.0,0.0,0.8660254037844386,1.224744871391589,1.224744871391589,1.118033988749895,1.3228756555322954,1.7320508075688772,2.1213203435596424,2.29128784747792,2.0,1.6583123951777,1.5811388300841898,1.6583123951777,1.9364916731037085,2.0615528128088303,2.1213203435596424,2.345207879911715,2.3979157616563596,2.345207879911715,2.23606797749979,2.3979157616563596,2.3979157616563596
0.0,0.5,0.5,0.0,0.0,1.0,1.224744871391589,1.7320508075688772,1.9364916731037085,1.8027756377319946,1.4142135623730951,1.4142135623730951,1.6583123951777,1.8708286933869707,2.0,2.0615528128088303,2.29128784747792,2.29128784747792,2.1213203435596424,2.0615528128088303,2.0615528128088303,2.0615528128088303
0.0,0.0,0.7071067811865476,0.7071067811865476,1.3228756555322954,1.3228756555322954,1.8027756377319946,2.0,1.8708286933869707,1.6583123951777,1.6583123951777,2.179449471770337,2.179449471770337,2.345207879911715,2.5,2.5,2.3979157616563596,2.23606797749979,2.179449471770337,2.1213203435596424,2.1213203435596424
0.0,0.5,0.7071067811865476,1.4142135623730951,1.224744871391589,1.7320508075688772,1.8027756377319946,1.8027756377319946,1.8027756377319946,1.8027756377319946,2.29128784747792,2.29128784747792,2.449489742783178,2.598076211353316,2.598076211353316,2.449489742783178,2.345207879911715,2.179449471770337,2.0615528128088303,2.0615528128088303
0.0,0.0,0.8660254037844386,0.5,1.3228756555322954,1.4142135623730951,1.4142135623730951,1.3228756555322954,1.3228756555322954,1.9364916731037085,1.9364916731037085,2.1213203435596424,2.29128784747792,2.29128784747792,2.1213203435596424,2.0,1.8027756377319946,1.7320508075688772,1.7320508075688772
0.0,0.8660254037844386,0.5,1.3228756555322954,1.5,1.4142135623730951,1.3228756555322954,1.3228756555322954,1.9364916731037085,1.9364916731037085,2.1213203435596424,2.29128784747792,2.29128784747792,2.1213203435596424,2.0,1.8027756377319946,1.7320508075688772,1.7320508075688772
0.0,0.5,1.3228756555322954,1.5811388300841898,1.4142135623730951,0.8660254037844386,0.8660254037844386,1.5811388300841898,1.5811388300841898,1.8027756377319946,2.0,2.0,2.0,1.8027756377319946,1.7320508075688772,1.7320508075688772,1.7320508075688772
0.0,0.8660254037844386,1.0,1.0,0.5,0.5,1.5,1.5,1.7320508075688772,1.9364916731037085,1.9364916731037085,1.8027756377319946,1.5811388300841898,1.5,1.4142135623730951,1.4142135623730951
0.0,0.5,0.0,0.7071067811865476,1.0,1.4142135623730951,1.3228756555322954,1.5811388300841898,1.8027756377319946,1.8027756377319946,1.5811388300841898,1.4142135623730951,1.118033988749895,1.0,1.0
0.0,0.0,0.7071067811865476,1.118033988749895,1.4142135623730951,1.3228756555322954,1.5811388300841898,1.8027756377319946,1.8027756377319946,1.5811388300841898,1.4142135623730951,1.118033988749895,1.0,1.0
0.7071067811865476,1.118033988749895,1.4142135623730951,1.6583123951777,1.5,1.7320508075688772,1.9364916731037085,1.9364916731037085,1.7320508075688772,1.5811388300841898,1.3228756555322954,1.118033988749895,0.8660254037844386
0.0,1.0,1.118033988749895,0.5,1.0,1.3228756555322954,1.3228756555322954,1.224744871391589,0.8660254037844386,0.7071067811865476,0.7071067811865476,0.7071067811865476
0.0,1.0,0.7071067811865476,1.118033988749895,1.4142135623730951,1.4142135623730951,1.3228756555322954,1.0,0.8660254037844386,1.0,1.0
0.0,1.118033988749895,1.3228756555322954,1.3228756555322954,1.6583123951777,1.7320508075688772,1.5,1.4142135623730951,1.5811388300841898,1.5811388300841898
0.0,0.0,0.0,1.118033988749895,1.5,1.4142135623730951,1.224744871391589,1.5,1.5
0.0,0.0,0.7071067811865476,0.7071067811865476,0.0,0.0,0.8660254037844386,1.0
0.0,0.5,0.5,0.0,0.0,0.8660254037844386,1.118033988749895
0.0,1.0,1.0,1.0,1.3228756555322954,1.4142135623730951
0.0,0.5,0.7071067811865476,1.0,1.3228756555322954
0.0,0.7071067811865476,0.5,1.0
0.0,0.0,0.8660254037844386
0.0,0.0
0.0
