
# Parameters 

dimension,2
resolution,5
labels,44

# Regions 

a,0.32,-1.69
b,0.26,-0.77
c,0.29,0.27
d,0.28,1.21
e,0.27,2.17
f,0.093,4.18
g,0.713000024,-3.72000009
h,-0.186000012,-3.10000006
i,-1.24000007e-01  -1.55000001
j,7.13000020e-01  -2.17000003
k,7.12999998e-01   7.12999990
l,-1.54999997e-01   7.12999990
m,-1.54999997e-01   7.12999990
n,7.74999996e-01   7.74999987
o,7.43999973e-01   1.67399990
p,-2.16999981e-01   1.67399990
q,-2.16999980e-01   1.73599990
r,7.12999975e-01   1.67399990
s,7.43999949e-01   2.63499974
t,-1.85999969e-01   2.63499974
u, -3.40999932e-01   3.68899947
v,5.26999951e-01   3.68899947
w,5.26999935e-01   4.68099913
x,-3.40999911e-01   4.68099913
y, -3.40999911e-01   4.71199911
z,4.95999940e-01   4.71199911
A,5.57999912e-01   5.73499867
B,-4.02999875e-01   5.73499867
C,-3.71999881e-01   5.79699864
D,5.26999918e-01   5.79699864
E,5.26999901e-01   6.81999810
F,-4.33999841e-01   6.81999810
G,-3.09999873e-01   6.88199806
H,5.26999900e-01   6.88199806
I,5.26999883e-01   7.96699739
J,-4.02999823e-01   7.93599741
K,1.27100013e+00  -2.20100024
L,2.35600026e+00  -2.17000023
M,2.29400018e+00  -1.33300009
N,1.24000009e+00  -1.30200009
O,1.24000008e+00  -1.20900008
P,2.29400016e+00  -1.20900008
Q,2.23200008e+00  -3.10000006
R,1.20900004e+00  -3.10000006
S,
T,
U,
V,
W,
X,
Y,
Z,
!,
#,
$,
%,
&,
’,
(,
),
=,
-,
^,
~,
|,
@,
[,
],
{,
},
;,
:,
.,
/,
?,
_,


# Distance 

0.0,0.0,1.224744871391589,1.3228756555322954,1.5811388300841898,1.6583123951777,1.8027756377319946,1.8708286933869707,2.29128784747792,1.6583123951777,1.5,1.8708286933869707,2.345207879911715,2.692582403567252,2.5,2.6457513110645907,2.7838821814150108,2.958039891549808,2.8722813232690143,3.2015621187164243,3.2015621187164243,3.5,3.570714214271425,3.3541019662496847,3.3541019662496847,3.1622776601683795,3.122498999199199,3.0413812651491097,3.0413812651491097,3.122498999199199,2.7838821814150108,2.8284271247461903,2.6457513110645907,2.3979157616563596,2.449489742783178,2.345207879911715,2.0,1.9364916731037085,2.345207879911715,2.5,2.5495097567963922,2.6457513110645907,2.7838821814150108
0.0,0.7071067811865476,1.0,1.4142135623730951,1.5,1.5,1.5811388300841898,2.0615528128088303,1.3228756555322954,1.118033988749895,1.7320508075688772,2.23606797749979,2.5,2.29128784747792,2.449489742783178,2.598076211353316,2.7838821814150108,2.692582403567252,3.0413812651491097,3.0413812651491097,3.3541019662496847,3.427827300200522,3.2015621187164243,3.2015621187164243,3.0,2.958039891549808,2.8722813232690143,2.8722813232690143,2.958039891549808,2.598076211353316,2.6457513110645907,2.449489742783178,2.179449471770337,2.23606797749979,2.1213203435596424,1.8027756377319946,1.8027756377319946,2.23606797749979,2.29128784747792,2.345207879911715,2.449489742783178,2.6457513110645907
0.0,0.5,1.118033988749895,1.224744871391589,1.118033988749895,1.224744871391589,1.8027756377319946,1.0,0.8660254037844386,1.6583123951777,2.179449471770337,2.29128784747792,2.0615528128088303,2.23606797749979,2.3979157616563596,2.598076211353316,2.5,2.8722813232690143,2.8722813232690143,3.2015621187164243,3.278719262151,3.0413812651491097,3.0413812651491097,2.8284271247461903,2.7838821814150108,2.692582403567252,2.692582403567252,2.7838821814150108,2.3979157616563596,2.449489742783178,2.23606797749979,1.9364916731037085,2.0,1.8708286933869707,1.5811388300841898,1.5811388300841898,2.1213203435596424,2.1213203435596424,2.1213203435596424,2.29128784747792,2.449489742783178
0.0,1.0,1.0,0.5,0.7071067811865476,1.5,0.7071067811865476,0.5,1.5,2.0615528128088303,2.0615528128088303,1.8027756377319946,2.0,2.179449471770337,2.3979157616563596,2.29128784747792,2.692582403567252,2.692582403567252,3.0413812651491097,3.122498999199199,2.8722813232690143,2.8722813232690143,2.6457513110645907,2.598076211353316,2.5,2.5,2.598076211353316,2.179449471770337,2.23606797749979,2.0,1.6583123951777,1.7320508075688772,1.6583123951777,1.5,1.5,2.0615528128088303,2.0,2.0,2.179449471770337,2.23606797749979
0.0,0.0,0.8660254037844386,1.0,1.4142135623730951,1.0,1.0,1.8027756377319946,2.179449471770337,2.179449471770337,1.7320508075688772,1.9364916731037085,2.1213203435596424,2.345207879911715,2.23606797749979,2.6457513110645907,2.6457513110645907,3.0,3.082207001484488,2.8284271247461903,2.8284271247461903,2.598076211353316,2.5495097567963922,2.449489742783178,2.449489742783178,2.5495097567963922,2.1213203435596424,2.179449471770337,1.9364916731037085,1.5811388300841898,1.6583123951777,1.5,1.0,1.0,1.6583123951777,1.7320508075688772,1.8027756377319946,1.9364916731037085,2.179449471770337
0.0,0.8660254037844386,1.0,1.224744871391589,1.5,1.5,2.1213203435596424,2.345207879911715,2.179449471770337,1.7320508075688772,1.8027756377319946,1.9364916731037085,2.179449471770337,2.0615528128088303,2.5,2.5,2.8722813232690143,2.958039891549808,2.692582403567252,2.692582403567252,2.449489742783178,2.3979157616563596,2.29128784747792,2.29128784747792,2.3979157616563596,1.9364916731037085,2.0,1.7320508075688772,1.3228756555322954,1.4142135623730951,1.224744871391589,0.5,0.5,1.4142135623730951,1.5,1.5811388300841898,1.7320508075688772,2.0
0.0,0.0,0.7071067811865476,1.3228756555322954,1.5,2.1213203435596424,2.345207879911715,1.9364916731037085,1.5811388300841898,1.4142135623730951,1.5811388300841898,1.8708286933869707,1.7320508075688772,2.23606797749979,2.23606797749979,2.6457513110645907,2.7386127875258306,2.449489742783178,2.449489742783178,2.179449471770337,2.1213203435596424,2.0,2.0,2.1213203435596424,1.5811388300841898,1.6583123951777,1.3228756555322954,0.7071067811865476,0.8660254037844386,0.8660254037844386,0.5,0.5,1.5,1.5,1.4142135623730951,1.7320508075688772,1.7320508075688772
0.0,0.7071067811865476,0.5,0.7071067811865476,1.5811388300841898,1.8708286933869707,1.8708286933869707,1.4142135623730951,1.4142135623730951,1.5811388300841898,1.8708286933869707,1.7320508075688772,2.23606797749979,2.23606797749979,2.6457513110645907,2.7386127875258306,2.449489742783178,2.449489742783178,2.179449471770337,2.1213203435596424,2.0,2.0,2.1213203435596424,1.5811388300841898,1.6583123951777,1.3228756555322954,0.7071067811865476,0.8660254037844386,0.8660254037844386,0.5,0.8660254037844386,1.6583123951777,1.5811388300841898,1.4142135623730951,1.7320508075688772,1.7320508075688772
0.0,0.0,0.7071067811865476,1.4142135623730951,1.8027756377319946,1.7320508075688772,1.118033988749895,1.224744871391589,1.4142135623730951,1.7320508075688772,1.5811388300841898,2.1213203435596424,2.1213203435596424,2.5495097567963922,2.6457513110645907,2.345207879911715,2.345207879911715,2.0615528128088303,2.0,1.8708286933869707,1.8708286933869707,2.0,1.5,1.5,1.118033988749895,0.7071067811865476,0.8660254037844386,1.0,0.8660254037844386,1.118033988749895,1.8027756377319946,1.7320508075688772,1.5811388300841898,1.8027756377319946,1.8027756377319946
0.0,1.3228756555322954,1.5,1.8027756377319946,1.3228756555322954,0.5,0.5,0.8660254037844386,1.3228756555322954,1.118033988749895,1.8027756377319946,1.8027756377319946,2.29128784747792,2.3979157616563596,2.0615528128088303,2.0615528128088303,1.7320508075688772,1.6583123951777,1.7320508075688772,1.7320508075688772,1.9364916731037085,1.4142135623730951,1.4142135623730951,0.5,0.5,0.7071067811865476,1.118033988749895,1.0,1.224744871391589,1.8708286933869707,1.8027756377319946,1.6583123951777,1.8708286933869707,1.8708286933869707
0.0,1.118033988749895,1.5811388300841898,1.3228756555322954,0.0,0.5,0.8660254037844386,1.3228756555322954,1.118033988749895,1.8027756377319946,1.8027756377319946,2.29128784747792,2.3979157616563596,2.0615528128088303,2.0615528128088303,1.7320508075688772,1.6583123951777,1.8708286933869707,1.9364916731037085,2.1213203435596424,1.8027756377319946,1.5,0.5,0.5,1.4142135623730951,1.6583123951777,1.5811388300841898,1.7320508075688772,2.23606797749979,2.179449471770337,2.0615528128088303,2.23606797749979,2.23606797749979
0.0,1.3228756555322954,1.8708286933869707,1.6583123951777,1.8027756377319946,2.0615528128088303,2.23606797749979,2.1213203435596424,2.5495097567963922,2.5495097567963922,2.9154759474226504,3.0,2.7386127875258306,2.7386127875258306,2.5,2.449489742783178,2.3979157616563596,2.3979157616563596,2.5495097567963922,2.1213203435596424,2.179449471770337,1.8708286933869707,1.6583123951777,1.7320508075688772,1.8027756377319946,1.7320508075688772,1.8708286933869707,2.345207879911715,2.29128784747792,2.179449471770337,2.345207879911715,2.345207879911715
0.0,0.8660254037844386,1.224744871391589,1.3228756555322954,1.8027756377319946,1.7320508075688772,1.6583123951777,1.9364916731037085,1.9364916731037085,2.3979157616563596,2.5,2.3979157616563596,2.345207879911715,2.179449471770337,2.179449471770337,2.3979157616563596,2.5495097567963922,2.692582403567252,2.449489742783178,2.179449471770337,1.6583123951777,1.6583123951777,2.179449471770337,2.345207879911715,2.29128784747792,2.3979157616563596,2.7838821814150108,2.7386127875258306,2.6457513110645907,2.7838821814150108,2.7838821814150108
0.0,0.8660254037844386,1.3228756555322954,1.9364916731037085,1.5811388300841898,1.3228756555322954,1.4142135623730951,1.6583123951777,2.0,2.179449471770337,2.179449471770337,2.1213203435596424,2.0615528128088303,2.179449471770337,2.449489742783178,2.7386127875258306,2.8722813232690143,2.6457513110645907,2.3979157616563596,1.9364916731037085,1.9364916731037085,2.3979157616563596,2.5495097567963922,2.5,2.598076211353316,2.958039891549808,2.9154759474226504,2.8284271247461903,2.958039891549808,2.958039891549808
0.0,1.0,1.3228756555322954,0.7071067811865476,0.0,0.0,1.0,1.4142135623730951,1.6583123951777,1.7320508075688772,1.6583123951777,1.5,1.6583123951777,2.0,2.345207879911715,2.5,2.23606797749979,1.9364916731037085,1.3228756555322954,1.3228756555322954,1.9364916731037085,2.1213203435596424,2.0615528128088303,2.179449471770337,2.598076211353316,2.5495097567963922,2.449489742783178,2.598076211353316,2.598076211353316
0.0,1.118033988749895,0.5,0.0,1.0,1.0,1.7320508075688772,1.8708286933869707,1.7320508075688772,1.6583123951777,1.5,1.5811388300841898,1.9364916731037085,2.1213203435596424,2.29128784747792,2.0,1.6583123951777,0.8660254037844386,0.8660254037844386,1.6583123951777,1.8708286933869707,1.8027756377319946,1.9364916731037085,2.3979157616563596,2.345207879911715,2.23606797749979,2.3979157616563596,2.3979157616563596
0.0,0.0,0.5,1.224744871391589,1.118033988749895,1.8027756377319946,1.9364916731037085,1.5,1.5,1.0,1.0,1.4142135623730951,1.7320508075688772,1.9364916731037085,1.5811388300841898,1.118033988749895,0.0,0.0,1.3228756555322954,1.5,1.5,1.7320508075688772,2.0615528128088303,2.0,1.8708286933869707,2.0615528128088303,2.0615528128088303
0.0,0.7071067811865476,1.118033988749895,1.0,1.6583123951777,1.8027756377319946,1.3228756555322954,1.3228756555322954,0.8660254037844386,0.8660254037844386,1.3228756555322954,1.5811388300841898,1.8027756377319946,1.4142135623730951,0.8660254037844386,0.0,0.5,1.224744871391589,1.4142135623730951,1.4142135623730951,1.8027756377319946,1.9364916731037085,1.8708286933869707,1.7320508075688772,1.9364916731037085,1.9364916731037085
0.0,0.5,0.0,1.3228756555322954,1.5,1.3228756555322954,1.224744871391589,0.8660254037844386,0.8660254037844386,1.3228756555322954,1.8027756377319946,2.0,1.6583123951777,1.224744871391589,1.0,1.118033988749895,1.5,1.6583123951777,1.7320508075688772,2.0,2.1213203435596424,2.0615528128088303,1.9364916731037085,2.1213203435596424,2.1213203435596424
0.0,0.5,1.224744871391589,1.5,1.5,1.4142135623730951,1.224744871391589,1.224744871391589,1.6583123951777,2.0615528128088303,2.23606797749979,1.9364916731037085,1.5811388300841898,1.0,1.0,1.5811388300841898,1.8027756377319946,1.7320508075688772,2.0,2.345207879911715,2.29128784747792,2.179449471770337,2.345207879911715,2.345207879911715
0.0,0.0,0.8660254037844386,1.224744871391589,1.224744871391589,1.118033988749895,1.3228756555322954,1.7320508075688772,2.1213203435596424,2.29128784747792,2.0,1.6583123951777,1.5811388300841898,1.6583123951777,1.9364916731037085,2.0615528128088303,2.1213203435596424,2.345207879911715,2.3979157616563596,2.345207879911715,2.23606797749979,2.3979157616563596,2.3979157616563596
0.0,0.5,0.5,0.0,0.0,1.0,1.224744871391589,1.7320508075688772,1.9364916731037085,1.8027756377319946,1.4142135623730951,1.4142135623730951,1.6583123951777,1.8708286933869707,2.0,2.0615528128088303,2.29128784747792,2.29128784747792,2.1213203435596424,2.0615528128088303,2.0615528128088303,2.0615528128088303
0.0,0.0,0.7071067811865476,0.7071067811865476,1.3228756555322954,1.3228756555322954,1.8027756377319946,2.0,1.8708286933869707,1.6583123951777,1.6583123951777,2.179449471770337,2.179449471770337,2.345207879911715,2.5,2.5,2.3979157616563596,2.23606797749979,2.179449471770337,2.1213203435596424,2.1213203435596424
0.0,0.5,0.7071067811865476,1.4142135623730951,1.224744871391589,1.7320508075688772,1.8027756377319946,1.8027756377319946,1.8027756377319946,1.8027756377319946,2.29128784747792,2.29128784747792,2.449489742783178,2.598076211353316,2.598076211353316,2.449489742783178,2.345207879911715,2.179449471770337,2.0615528128088303,2.0615528128088303
0.0,0.0,0.8660254037844386,0.5,1.3228756555322954,1.4142135623730951,1.4142135623730951,1.3228756555322954,1.3228756555322954,1.9364916731037085,1.9364916731037085,2.1213203435596424,2.29128784747792,2.29128784747792,2.1213203435596424,2.0,1.8027756377319946,1.7320508075688772,1.7320508075688772
0.0,0.8660254037844386,0.5,1.3228756555322954,1.5,1.4142135623730951,1.3228756555322954,1.3228756555322954,1.9364916731037085,1.9364916731037085,2.1213203435596424,2.29128784747792,2.29128784747792,2.1213203435596424,2.0,1.8027756377319946,1.7320508075688772,1.7320508075688772
0.0,0.5,1.3228756555322954,1.5811388300841898,1.4142135623730951,0.8660254037844386,0.8660254037844386,1.5811388300841898,1.5811388300841898,1.8027756377319946,2.0,2.0,2.0,1.8027756377319946,1.7320508075688772,1.7320508075688772,1.7320508075688772
0.0,0.8660254037844386,1.0,1.0,0.5,0.5,1.5,1.5,1.7320508075688772,1.9364916731037085,1.9364916731037085,1.8027756377319946,1.5811388300841898,1.5,1.4142135623730951,1.4142135623730951
0.0,0.5,0.0,0.7071067811865476,1.0,1.4142135623730951,1.3228756555322954,1.5811388300841898,1.8027756377319946,1.8027756377319946,1.5811388300841898,1.4142135623730951,1.118033988749895,1.0,1.0
0.0,0.0,0.7071067811865476,1.118033988749895,1.4142135623730951,1.3228756555322954,1.5811388300841898,1.8027756377319946,1.8027756377319946,1.5811388300841898,1.4142135623730951,1.118033988749895,1.0,1.0
0.7071067811865476,1.118033988749895,1.4142135623730951,1.6583123951777,1.5,1.7320508075688772,1.9364916731037085,1.9364916731037085,1.7320508075688772,1.5811388300841898,1.3228756555322954,1.118033988749895,0.8660254037844386
0.0,1.0,1.118033988749895,0.5,1.0,1.3228756555322954,1.3228756555322954,1.224744871391589,0.8660254037844386,0.7071067811865476,0.7071067811865476,0.7071067811865476
0.0,1.0,0.7071067811865476,1.118033988749895,1.4142135623730951,1.4142135623730951,1.3228756555322954,1.0,0.8660254037844386,1.0,1.0
0.0,1.118033988749895,1.3228756555322954,1.3228756555322954,1.6583123951777,1.7320508075688772,1.5,1.4142135623730951,1.5811388300841898,1.5811388300841898
0.0,0.0,0.0,1.118033988749895,1.5,1.4142135623730951,1.224744871391589,1.5,1.5
0.0,0.0,0.7071067811865476,0.7071067811865476,0.0,0.0,0.8660254037844386,1.0
0.0,0.5,0.5,0.0,0.0,0.8660254037844386,1.118033988749895
0.0,1.0,1.0,1.0,1.3228756555322954,1.4142135623730951
0.0,0.5,0.7071067811865476,1.0,1.3228756555322954
0.0,0.7071067811865476,0.5,1.0
0.0,0.0,0.8660254037844386
0.0,0.0
0.0
