
# Parameters 

dimension,2
resolution,5
labels,44

# Regions 

a,0,0
b,0,0
c,0,0
d,0,0
e,0,0
f,0,0
g,0,0
h,0,0
i,0,0
j,0,0
k,0,0
l,0,0
m,0,0
n,0,0
o,0,0
p,0,0
q,0,0
r,0,0
s,0,0
t,0,0
u,0,0
v,0,0
w,0,0
x,0,0
y,0,0
z,0,0
A,0,0
B,0,0
C,0,0
D,0,0
E,0,0
F,0,0
G,0,0
H,0,0
I,0,0
J,0,0
K,0,0
L,0,0
M,0,0
N,0,0
O,0,0
P,0,0
Q,0,0
R,0,0
S,0,0
T,0,0
U,0,0
V,0,0
W,0,0
X,0,0
Y,0,0
Z,0,0
!,0,0
#,0,0
$,0,0
%,0,0
&,0,0
‘,0,0
(,0,0
),0,0
=,0,0
-,0,0
^,0,0
~,0,0
|,0,0
@,0,0
[,0,0
],0,0
{,0,0
},0,0
;,0,0
:,0,0

# Distance 

1,2,3,4,6,7,8,9,3,4,5,6,7,9,10,11,12,4,5,6,7,7,7,8,9,10,5,6,7,8,9,9,10,11,12,6,7,8,9,10,7,8,9,10,11,10,11,10,11,12,13,13,14,13,14,15,16,14,15,14,13,12,11,2,1,3,4,3,5,10,7
1,2,3,5,6,7,8,4,5,6,7,8,9,10,11,11,5,6,7,7,6,6,7,8,9,6,7,8,9,8,8,9,10,11,7,8,9,10,9,8,9,10,11,10,9,10,9,10,11,12,12,13,12,13,14,15,13,14,13,12,11,10,3,2,4,5,2,4,9,8
1,2,4,5,6,7,5,6,7,8,8,8,9,10,10,6,7,7,6,5,5,6,7,8,7,8,9,8,7,7,8,9,10,8,9,10,9,8,9,10,10,10,9,8,9,8,9,10,11,11,12,11,12,13,14,12,13,12,11,10,9,4,3,5,6,2,3,8,9
1,3,4,5,6,6,7,8,8,7,7,8,9,9,7,7,6,5,4,4,5,6,7,8,9,8,7,6,6,7,8,9,9,10,9,8,7,10,10,9,9,8,7,8,7,8,9,10,10,11,10,11,12,13,11,12,11,10,9,8,5,4,6,7,2,2,7,10
2,3,4,5,7,8,8,7,6,6,7,8,8,7,6,5,4,3,3,4,5,6,9,8,7,6,5,5,6,7,8,10,9,8,7,6,10,9,8,8,7,6,7,6,7,8,9,9,10,9,10,11,12,10,11,10,9,8,7,6,5,7,8,3,1,6,11
1,2,3,9,9,8,7,6,6,7,7,6,7,6,5,4,3,3,4,5,6,9,8,7,6,5,5,6,7,8,10,9,8,7,6,10,9,8,8,7,6,7,6,7,8,9,9,9,9,10,11,11,10,10,9,8,6,5,8,7,9,9,5,1,4,12
1,2,10,10,9,8,7,7,7,6,5,8,7,6,5,4,4,5,6,6,10,9,8,7,6,6,7,8,7,11,10,9,8,7,11,10,9,9,8,7,8,7,8,9,9,9,8,10,11,11,10,10,9,8,7,5,4,9,8,10,10,6,2,3,13
1,11,11,10,9,8,7,6,5,4,9,8,7,6,5,5,6,6,5,11,10,9,8,7,7,8,7,6,12,11,10,9,8,12,11,10,10,9,8,9,8,9,9,8,8,7,10,11,10,9,9,8,7,6,4,3,10,9,11,11,7,3,2,14
12,11,10,9,8,6,5,4,3,10,9,8,7,6,6,6,5,4,12,11,10,9,8,8,7,6,5,13,12,11,10,9,13,12,11,11,10,9,9,9,9,8,7,7,6,9,10,9,8,8,7,6,5,3,2,11,10,12,12,8,4,1,15
1,2,3,4,6,7,8,9,3,4,5,6,7,7,8,9,10,4,5,6,7,8,8,9,10,11,5,6,7,8,9,6,7,8,9,10,9,10,9,10,11,12,12,13,12,13,14,15,13,14,14,13,12,11,3,2,2,3,6,6,11,6
1,2,3,5,6,7,8,4,5,6,7,6,6,7,8,9,5,6,7,8,7,7,8,9,10,6,7,8,9,8,7,8,9,10,9,8,9,8,9,10,11,11,12,11,12,13,14,12,13,13,12,11,10,4,3,3,4,7,5,10,7
1,2,4,5,6,7,5,6,7,6,5,5,6,7,8,6,7,8,7,6,6,7,8,9,7,8,9,8,7,8,9,9,9,8,7,8,7,8,9,10,10,11,10,11,12,13,11,12,12,11,10,9,5,4,4,5,8,4,9,8
1,3,4,5,6,6,7,6,5,4,4,5,6,7,7,8,7,6,5,5,6,7,8,8,9,8,7,6,9,9,8,8,7,6,7,6,7,8,9,9,10,9,10,11,12,10,11,11,10,9,8,6,5,5,6,7,3,8,9
2,3,4,5,7,6,5,4,3,3,4,5,6,8,7,6,5,4,4,5,6,7,9,8,7,6,5,9,8,7,7,6,5,6,5,6,7,8,8,9,8,9,10,11,9,10,10,9,8,7,7,6,6,7,6,2,7,10
1,2,3,7,6,5,4,3,3,4,5,6,8,7,6,5,4,4,5,6,7,9,8,7,6,5,9,8,7,7,6,5,6,5,6,7,8,8,8,8,9,10,10,9,9,8,7,6,5,9,8,8,9,6,2,5,11
1,2,8,7,6,5,4,4,5,6,5,9,8,7,6,5,5,6,7,6,10,9,8,7,6,10,9,8,8,7,6,7,6,7,8,8,8,7,9,10,10,9,9,8,7,6,5,4,10,9,9,10,7,3,4,12
1,9,8,7,6,5,5,6,5,4,10,9,8,7,6,6,7,6,5,11,10,9,8,7,11,10,9,9,8,7,8,7,8,8,7,7,6,9,10,9,8,8,7,6,5,4,3,11,10,10,11,8,4,3,13
10,9,8,7,6,6,5,4,3,11,10,9,8,7,7,6,5,4,12,11,10,9,8,12,11,10,10,9,8,8,8,8,7,6,6,5,8,9,8,7,7,6,5,4,3,2,12,11,11,12,9,5,2,14
1,2,3,4,6,7,8,9,3,4,5,6,7,7,8,9,10,4,5,6,7,8,5,6,7,8,9,8,9,8,9,10,11,11,12,11,12,13,14,12,13,13,12,11,12,4,3,3,2,7,7,12,5
1,2,3,5,6,7,8,4,5,6,7,6,6,7,8,9,5,6,7,8,7,6,7,8,9,8,7,8,7,8,9,10,10,11,10,11,12,13,11,12,12,11,10,11,5,4,4,3,8,6,11,6
1,2,4,5,6,7,5,6,7,6,5,5,6,7,8,6,7,8,7,6,7,8,8,8,7,6,7,6,7,8,9,9,10,9,10,11,12,10,11,11,10,9,10,6,5,5,4,9,5,10,7
1,3,4,5,6,6,7,6,5,4,4,5,6,7,7,8,7,6,5,8,8,7,7,6,5,6,5,6,7,8,8,9,8,9,10,11,9,10,10,9,8,9,7,6,6,5,8,4,9,8
2,3,4,5,7,6,5,4,3,3,4,5,6,8,7,6,5,4,8,7,6,6,5,4,5,4,5,6,7,7,8,7,8,9,10,8,9,9,8,7,8,8,7,7,6,7,3,8,9
1,2,3,7,6,5,4,3,3,4,5,6,8,7,6,5,4,8,7,6,6,5,4,5,4,5,6,7,7,7,7,8,9,9,8,8,7,6,5,6,10,9,9,8,7,3,6,10
1,2,8,7,6,5,4,4,5,6,5,9,8,7,6,5,9,8,7,7,6,5,6,5,6,7,7,7,6,8,9,9,8,8,7,6,5,4,5,11,10,10,9,8,4,5,11
1,9,8,7,6,5,5,6,5,4,10,9,8,7,6,10,9,8,8,7,6,7,6,7,7,6,6,5,8,9,8,7,7,6,5,4,3,4,12,11,11,10,9,5,4,12
10,9,8,7,6,6,5,4,3,11,10,9,8,7,11,10,9,9,8,7,7,7,7,6,5,5,4,7,8,7,6,6,5,4,3,2,3,13,12,12,11,10,6,3,13
1,2,3,4,6,7,8,9,3,4,5,6,7,4,5,6,7,8,7,8,7,8,9,10,10,11,10,11,12,13,11,12,12,11,11,12,5,4,4,3,8,8,13,4
1,2,3,5,6,7,8,4,5,6,7,6,5,6,7,8,7,6,7,6,7,8,9,9,10,9,10,11,12,10,11,11,10,10,11,6,5,5,4,9,7,12,5
1,2,4,5,6,7,5,6,7,6,5,6,7,7,7,6,5,6,5,6,7,8,8,9,8,9,10,11,9,10,10,9,9,10,7,6,6,5,10,6,11,6
1,3,4,5,6,6,7,6,5,4,7,7,6,6,5,4,5,4,5,6,7,7,8,7,8,9,10,8,9,9,8,8,9,8,7,7,6,9,5,10,7
2,3,4,5,7,6,5,4,3,7,6,5,5,4,3,4,3,4,5,6,6,7,6,7,8,9,7,8,8,7,7,8,9,8,8,7,8,4,9,8
1,2,3,7,6,5,4,3,7,6,5,5,4,3,4,3,4,5,6,6,6,6,7,8,8,7,7,6,5,5,6,11,10,10,9,8,4,7,9
1,2,8,7,6,5,4,8,7,6,6,5,4,5,4,5,6,6,6,5,7,8,8,7,7,6,5,4,4,5,12,11,11,10,9,5,6,10
1,9,8,7,6,5,9,8,7,7,6,5,6,5,6,6,5,5,4,7,8,7,6,6,5,4,3,3,4,13,12,12,11,10,6,5,11
10,9,8,7,6,10,9,8,8,7,6,6,6,6,5,4,4,3,6,7,6,5,5,4,3,2,2,3,14,13,13,12,11,7,4,12
1,2,3,4,1,2,3,4,5,6,7,6,7,8,9,9,10,9,10,11,12,10,11,11,10,11,12,6,5,5,4,9,9,13,3
1,2,3,2,1,2,3,4,5,6,5,6,7,8,8,9,8,9,10,11,9,10,10,9,10,11,7,6,6,5,10,8,12,4
1,2,3,2,1,2,3,4,5,4,5,6,7,7,8,7,8,9,10,8,9,9,8,9,10,8,7,7,6,11,7,11,5
1,3,2,1,1,2,3,4,3,4,5,6,6,7,6,7,8,9,7,8,8,7,8,9,9,8,8,7,10,6,10,5
4,3,2,2,1,2,3,2,3,4,5,5,6,5,6,7,8,6,7,7,6,7,8,10,9,9,8,9,5,9,6
1,2,3,4,5,6,6,7,8,9,8,9,8,9,10,11,9,10,11,10,11,12,7,6,6,5,10,9,13,2
1,2,3,4,5,5,6,7,8,7,8,7,8,9,10,8,9,10,9,10,11,8,7,7,6,11,8,12,3
1,2,3,4,4,5,6,7,6,7,6,7,8,9,7,8,9,8,9,10,9,8,8,7,11,7,11,4
1,2,3,4,5,6,7,5,6,5,6,7,8,6,7,8,7,8,9,10,9,9,8,11,7,10,5
1,2,3,4,5,6,4,5,4,5,6,7,5,6,7,6,7,8,11,10,10,9,10,6,9,6
1,2,3,4,5,3,4,3,4,5,6,4,5,6,5,6,7,12,11,11,10,9,5,8,7
1,2,3,4,2,3,2,3,4,5,3,4,5,4,5,6,13,12,12,11,10,6,7,8
1,2,3,3,4,3,4,5,6,4,5,5,4,5,6,12,11,11,10,9,5,7,8
1,2,2,3,2,3,4,5,3,4,4,3,4,5,13,12,12,11,10,6,6,9
1,1,2,3,4,5,5,4,4,3,2,3,4,14,13,13,12,11,7,5,10
2,1,4,5,5,4,4,3,2,1,2,3,15,14,14,13,12,8,4,11
1,2,3,4,5,3,4,3,2,3,4,15,14,14,13,12,8,5,10
3,4,5,4,4,3,2,1,2,3,16,15,15,14,13,9,4,11
1,2,3,1,2,3,4,5,6,15,14,14,13,12,8,7,10
1,2,2,3,4,5,6,7,16,15,15,14,13,9,8,11
1,1,2,3,4,5,6,17,16,16,15,14,10,7,12
2,1,2,3,4,5,18,17,17,16,15,11,6,13
1,2,3,4,5,16,15,15,14,13,9,6,11
1,2,3,4,17,16,16,15,14,10,5,12
1,2,3,16,15,16,15,13,9,4,13
1,2,15,14,15,14,12,8,3,12
1,14,13,14,13,11,7,2,14
13,12,13,14,10,6,1,15
1,1,2,5,7,12,7
2,3,4,6,11,6
1,6,8,13,6
7,9,14,5
4,9,10
5,11
16